[gd_scene load_steps=6 format=3 uid="uid://ce4v8qrs77e6v"]

[ext_resource type="Script" uid="uid://cguifpylnb1u0" path="res://Scripts/camera_node_3d.gd" id="2_4oip7"]
[ext_resource type="Script" uid="uid://p7usvwvkf565" path="res://Scripts/CellsBaseMultiMeshInstance.cs" id="3_koba8"]

[sub_resource type="StandardMaterial3D" id="StandardMaterial3D_4oip7"]

[sub_resource type="PointMesh" id="PointMesh_koba8"]
material = SubResource("StandardMaterial3D_4oip7")

[sub_resource type="MultiMesh" id="MultiMesh_vmhkr"]
transform_format = 1
use_colors = true
mesh = SubResource("PointMesh_koba8")

[node name="PlaneMultiMesh" type="Node3D"]

[node name="CameraNode3D" type="Node3D" parent="."]
script = ExtResource("2_4oip7")

[node name="Camera3D" type="Camera3D" parent="CameraNode3D"]
transform = Transform3D(1, 0, 0, 0, 0.866025, 0.5, 0, -0.5, 0.866025, 0, 52.8811, 47.6477)

[node name="SpotLight3D" type="SpotLight3D" parent="CameraNode3D/Camera3D"]
transform = Transform3D(-0.0579754, -0.993696, 0.0959503, 0.996778, -0.0522818, 0.0608273, -0.0554275, 0.0991677, 0.993526, 0.801308, -0.473215, 3.46323)
spot_range = 1868.73
spot_attenuation = 0.0

[node name="CameraLightNode3D" type="Node3D" parent="."]
transform = Transform3D(-4.37114e-08, 0, 1, -0.5, 0.866025, -2.18557e-08, -0.866025, -0.5, -3.78552e-08, 0, 1, 2)

[node name="CellsBaseMultiMeshInstance" type="MultiMeshInstance3D" parent="."]
multimesh = SubResource("MultiMesh_vmhkr")
script = ExtResource("3_koba8")
